cycle,node0,node1,node2,node3,node4,node5,node6,node7,node8,node9,node10,node11,node12,node13,node14,node15,node16,node17,node18,node19,node20,node21,node22,node23,node24,node25,node26,node27,node28,node29,node30,node31,node32,node33,node34,node35,node36,node37,node38,node39,node40,node41,node42,node43,node44,node45,node46,node47,node48,node49,node50,node51,node52,node53,node54,node55,node56,node57,node58,node59,node60,node61,node62,node63,node64,node65,node66,node67,node68,node69,node70,node71,node72,node73,node74,node75,node76,node77,node78,node79,node80,node81,node82,node83,node84,node85,node86,node87,node88,node89,node90,node91,node92,node93,node94,node95,node96,node97,node98,node99,node100,node101,node102,node103,node104,node105,node106,node107,node108,node109,node110,node111,node112,node113,node114,node115,node116,node117,node118,node119,node120,node121,node122,node123,node124,node125,node126,node127,node128,node129,node130,node131,node132,node133,node134,node135,node136,node137,node138,node139,node140,node141,node142,node143,node144,node145,node146,node147,node148,node149,node150,node151,node152,node153,node154,node155,node156,node157,node158,node159,node160,node161,node162,node163
cycle0,0,0,1,0,0,1,0,1,2,0,0,0,1,1,0,2,0,0,0,0,0,0,1,0,0,0,2,0,0,0,2,1,2,1,0,1,2,0,0,1,0,2,0,0,0,0,0,1,0,1,0,1,0,1,1,0,0,0,1,0,1,0,0,0,0,0,0,0,0,0,0,0,0,0,0,1,1,1,0,1,2,0,0,1,2,0,0,0,0,1,0,1,0,0,0,2,0,0,0,1,0,1,0,0,0,0,1,0,0,0,0,2,0,0,1,1,0,0,2,0,1,0,0,0,0,0,0,0,0,0,1,0,1,1,1,0,0,2,0,0,2,0,0,0,0,0,2,1,0,0,2,1,1,0,0,0,0,0,1,0,0,0,1,1
cycle5,0,0,1,0,0,1,0,2,2,0,0,0,1,1,0,2,0,0,0,0,0,0,1,0,0,0,2,0,0,0,2,1,2,1,0,1,2,0,0,1,0,2,0,0,0,0,0,1,0,2,2,1,0,2,2,0,0,0,1,0,1,0,0,0,0,0,0,0,0,0,0,0,0,0,0,1,1,2,1,1,2,0,0,1,2,0,0,0,0,1,0,1,0,0,0,2,0,0,0,1,0,1,0,0,0,0,1,0,0,0,0,2,0,0,2,1,1,0,2,2,1,1,0,0,0,0,0,0,0,0,1,0,1,1,1,0,0,2,0,0,2,0,0,0,0,0,2,1,0,0,2,1,1,0,0,0,0,0,1,0,0,0,1,1
cycle10,0,0,1,0,0,1,1,3,2,0,0,0,1,1,0,2,0,0,0,0,1,1,1,1,1,0,2,0,0,0,2,1,2,1,0,1,2,0,1,1,0,2,0,0,0,0,0,1,0,3,2,1,0,2,2,0,0,1,2,1,1,0,0,0,0,0,0,0,0,0,0,0,0,0,2,1,1,2,1,1,2,0,1,1,2,0,0,0,0,1,0,2,0,1,0,2,0,0,0,1,1,1,0,0,0,0,1,0,0,1,0,2,0,0,2,1,1,0,2,4,1,1,0,0,0,0,1,0,0,0,1,1,1,1,1,0,0,2,0,0,2,1,0,0,0,1,2,1,0,0,2,1,1,0,0,0,1,0,1,0,0,0,1,1
cycle15,0,0,1,0,0,1,1,3,2,0,0,0,1,1,0,2,0,0,0,0,1,1,1,1,2,0,2,0,0,0,2,1,2,1,0,1,2,0,1,1,0,2,0,0,0,1,0,1,0,3,2,1,0,2,2,0,0,1,2,1,1,0,0,0,0,0,0,0,0,0,0,0,0,0,2,1,1,2,1,1,2,0,1,1,2,0,0,0,0,1,0,2,0,1,0,2,0,0,0,1,1,1,0,0,0,0,1,0,0,1,0,3,0,0,2,1,1,0,2,4,1,1,0,0,0,0,1,0,0,0,1,2,1,1,1,0,0,2,0,0,2,1,0,0,0,1,2,3,1,0,2,1,1,0,0,0,1,0,1,0,0,0,1,1
cycle20,0,0,1,0,0,1,1,3,2,0,0,0,1,1,0,2,0,0,0,0,2,1,1,1,2,0,2,2,0,0,2,1,3,1,0,1,2,0,1,1,0,2,0,0,0,1,0,2,0,3,2,1,0,2,2,0,0,1,2,1,1,0,0,0,0,0,0,0,2,0,0,1,1,0,3,1,1,2,1,1,2,1,1,2,3,0,0,0,0,1,0,2,0,1,1,2,0,0,0,1,1,1,0,0,0,0,1,1,0,1,0,3,1,1,2,1,1,0,2,4,1,1,0,0,0,0,1,0,0,0,1,2,1,1,1,0,0,2,0,0,2,1,0,0,0,1,2,3,1,0,2,1,1,0,0,1,1,0,1,0,0,0,2,2
cycle25,0,0,1,0,0,1,1,3,2,0,0,0,1,1,0,2,0,0,0,0,2,1,1,1,2,0,2,2,0,1,2,1,3,1,1,1,2,1,2,1,0,2,0,0,0,1,0,2,0,3,2,1,0,2,2,0,0,1,2,1,1,0,0,0,0,0,0,0,2,0,0,1,1,0,4,1,1,2,1,1,2,1,1,2,3,0,0,0,0,1,0,2,0,1,1,2,0,0,2,1,1,1,0,0,0,0,1,2,0,1,0,3,1,1,2,1,1,0,2,4,1,1,0,0,0,0,1,0,0,0,1,2,1,1,1,0,0,2,0,0,2,1,0,0,0,1,2,3,1,0,2,1,1,0,0,1,1,0,1,0,0,1,3,2
cycle30,0,0,1,0,0,1,1,3,2,0,0,0,1,1,0,2,0,0,0,0,3,1,1,1,2,0,2,3,0,1,2,1,3,1,1,2,3,1,2,1,0,2,0,0,0,1,0,2,0,3,2,1,0,2,2,0,0,1,2,1,1,0,0,0,0,0,0,0,2,0,0,1,1,1,4,1,1,2,1,1,2,1,1,2,3,0,0,0,1,1,2,2,0,1,1,2,0,0,2,2,1,1,0,0,0,0,1,2,0,2,0,3,2,1,2,1,1,0,2,4,1,1,0,0,0,0,1,0,0,0,1,2,2,2,1,0,0,2,1,1,2,3,0,2,0,1,2,3,1,0,2,1,1,0,0,1,1,0,1,0,0,1,4,2
cycle35,0,0,1,1,0,1,1,3,2,0,0,0,1,1,0,2,0,0,0,0,3,2,1,1,2,0,2,3,0,1,2,1,3,1,1,2,3,1,2,1,0,2,0,0,0,1,0,2,0,3,2,1,0,2,2,0,0,1,2,1,1,0,0,0,0,0,0,0,2,0,0,1,1,1,4,1,1,2,1,1,2,1,2,2,3,0,0,0,1,1,2,2,0,1,1,2,0,0,2,2,1,1,0,0,0,1,1,2,0,2,0,4,2,1,2,1,1,0,2,4,1,1,0,0,0,0,1,0,0,0,1,2,2,2,1,0,1,4,1,1,2,3,0,2,0,1,2,3,1,0,2,1,1,0,0,1,1,0,1,0,0,1,4,2
cycle40,1,0,1,1,0,2,1,3,2,0,0,0,1,1,0,2,0,0,0,0,3,2,2,1,2,0,2,3,0,1,3,5,3,1,1,2,3,2,2,1,0,2,0,0,0,1,0,2,0,3,2,1,0,2,2,0,0,1,2,2,1,0,0,0,0,0,0,0,2,0,0,1,1,1,4,1,1,2,1,1,2,1,2,2,3,0,0,0,1,1,2,3,0,1,1,3,0,0,2,2,1,1,0,0,0,1,1,2,1,2,0,4,2,1,2,1,1,0,3,4,1,1,0,0,0,1,1,0,0,0,1,2,2,2,1,0,1,4,1,1,2,3,0,2,0,2,2,3,2,0,2,1,1,1,0,1,1,0,1,0,0,1,4,2
cycle45,1,0,1,1,0,3,1,3,2,0,0,1,1,1,0,2,0,0,0,0,3,2,2,1,2,0,2,3,0,1,3,5,3,1,1,2,3,2,2,1,0,2,0,0,0,1,0,2,0,4,3,1,1,2,2,1,0,1,2,2,1,0,0,0,0,0,0,0,2,0,0,1,1,1,4,1,1,2,1,1,2,1,2,2,3,0,0,0,1,1,2,3,0,1,1,3,0,0,2,2,1,1,0,0,0,1,1,2,1,2,0,4,2,1,2,1,1,0,3,4,1,1,0,0,0,1,1,0,0,0,1,2,2,2,1,0,1,4,1,1,2,3,0,2,0,2,2,3,2,0,2,1,1,1,0,1,1,0,2,0,0,1,4,2
cycle50,1,0,1,1,0,3,3,3,2,0,0,1,1,1,0,2,0,1,0,0,3,2,2,1,2,0,2,3,0,1,3,5,4,1,1,2,3,3,2,1,0,2,0,0,0,1,0,2,0,4,3,1,1,2,2,1,0,2,2,3,1,0,0,0,1,1,0,0,2,0,0,1,1,1,4,1,1,2,1,2,3,1,2,2,3,0,1,0,1,2,2,3,1,1,1,3,0,0,2,2,1,1,0,0,0,1,2,2,1,2,0,4,2,1,2,1,2,1,3,5,4,1,1,0,0,2,1,0,0,0,1,2,2,2,2,0,1,4,1,1,2,3,0,2,0,2,3,3,2,0,2,2,1,1,0,1,1,0,2,0,0,1,4,2
cycle55,1,0,1,1,0,3,3,3,2,0,0,1,1,1,0,2,0,1,0,0,3,2,2,1,2,0,2,3,0,1,3,5,4,1,1,2,3,3,2,1,0,2,0,0,0,1,0,2,0,4,4,1,1,2,2,1,0,3,2,3,1,0,0,0,1,1,0,0,2,0,0,1,1,1,4,1,1,2,1,2,3,1,2,2,3,0,1,0,1,2,2,3,1,1,1,4,0,0,2,2,1,1,0,0,0,1,2,2,1,2,0,4,2,1,2,1,2,1,4,5,5,1,1,0,0,2,1,0,0,0,1,2,2,2,2,0,1,4,1,1,2,3,0,2,0,2,3,3,2,0,2,2,1,1,0,1,1,0,2,0,0,1,4,2
cycle60,2,0,1,1,0,3,3,3,2,0,0,1,1,1,0,2,0,2,0,0,3,2,2,1,2,0,2,3,0,1,3,5,4,1,1,3,3,3,2,1,0,2,0,0,0,1,0,2,0,5,4,1,1,2,2,1,0,3,2,3,1,0,0,0,1,1,0,0,2,0,0,1,1,1,4,2,1,2,1,2,4,1,2,3,3,0,1,0,1,2,2,3,2,1,1,4,0,0,2,3,1,1,0,0,0,1,3,2,1,2,0,4,2,1,2,1,2,1,4,5,5,1,1,0,1,2,1,0,0,0,2,2,2,2,2,0,1,4,2,1,2,3,0,2,0,3,3,3,2,0,2,2,1,2,0,1,1,0,2,0,1,1,5,2
cycle65,2,0,1,1,0,3,4,3,2,1,0,1,1,1,0,2,0,2,0,0,3,2,2,1,2,0,2,3,0,1,3,5,4,1,1,3,3,3,2,1,0,2,0,0,0,1,0,2,0,5,4,1,1,2,2,1,0,3,2,3,2,0,0,0,1,1,0,0,2,0,0,1,1,1,4,2,1,2,1,2,4,1,2,3,3,0,1,0,1,2,2,3,2,1,1,4,0,0,2,3,1,1,0,0,0,1,3,2,1,2,0,4,2,1,2,1,2,1,4,6,5,1,1,0,1,2,1,0,0,0,2,2,2,2,2,0,1,4,2,1,2,3,1,2,0,3,3,3,2,0,2,2,1,2,0,1,1,0,2,0,1,1,5,2
cycle70,2,0,1,1,0,3,5,3,2,1,0,1,1,1,0,3,0,2,0,0,3,2,2,1,2,1,2,3,0,2,3,5,4,1,1,3,3,4,2,1,0,3,0,0,0,1,0,2,0,5,5,3,1,2,2,1,0,3,2,3,2,2,0,0,1,1,0,0,2,0,0,1,1,1,4,2,1,2,2,2,4,2,2,3,3,0,1,0,1,2,2,3,2,1,2,4,0,0,2,3,1,1,0,0,0,1,3,2,1,2,0,4,2,1,2,1,2,1,4,6,5,1,2,1,1,2,2,0,0,0,2,2,2,2,2,0,1,4,2,1,2,3,2,2,0,3,3,3,2,0,2,2,1,2,0,1,1,0,2,0,1,1,5,2
cycle75,2,0,1,1,0,3,5,3,2,1,0,1,1,1,0,3,0,2,0,0,3,2,2,1,2,1,2,3,0,2,3,5,4,1,1,3,3,4,2,1,0,3,0,0,0,1,0,2,0,5,5,4,1,2,2,1,1,3,2,3,2,2,0,0,1,1,0,0,2,0,0,1,1,1,4,2,1,2,2,2,4,2,2,3,3,0,1,0,1,2,2,3,2,1,2,4,0,1,2,3,1,1,0,0,0,1,3,2,1,2,0,4,2,1,2,1,2,1,4,6,5,1,2,1,1,2,2,0,0,0,4,2,2,2,2,0,1,4,2,1,2,3,2,2,0,3,3,3,2,0,2,2,1,2,0,1,1,1,2,0,1,1,5,2
cycle80,2,0,1,1,0,3,5,3,3,1,0,1,1,1,0,4,0,2,0,1,3,3,2,1,2,1,2,3,0,2,3,5,4,1,1,4,3,4,2,1,0,3,1,0,1,1,2,2,0,5,5,4,1,2,3,1,1,3,2,4,3,2,0,0,1,1,0,1,2,0,0,1,1,1,4,2,1,2,2,2,4,2,2,3,3,0,1,0,1,2,2,3,2,1,2,4,0,1,2,4,1,1,1,0,0,1,3,3,1,2,0,4,2,1,2,1,2,1,4,6,5,1,2,2,1,2,3,0,0,0,4,2,2,2,3,0,1,4,3,1,2,3,2,3,0,3,3,3,4,0,2,3,1,2,0,2,1,1,2,0,1,1,5,2
cycle85,2,0,1,1,0,3,5,3,3,1,0,1,1,1,0,4,0,2,2,1,3,3,2,1,2,1,2,3,0,2,3,5,4,1,1,4,3,4,2,1,0,3,1,0,1,1,2,2,0,5,5,4,1,2,3,1,1,3,2,4,3,2,0,0,2,1,0,1,2,0,0,1,1,1,4,2,1,2,2,2,4,2,3,3,3,0,1,0,1,2,2,3,2,1,2,4,0,1,2,4,1,1,1,0,0,1,3,3,1,2,1,4,2,1,2,1,2,1,4,6,5,1,2,2,1,2,3,0,0,0,4,2,2,2,3,0,1,4,3,1,2,3,2,3,0,3,3,3,4,0,2,3,1,2,0,2,1,1,2,0,1,1,5,2
cycle90,2,0,2,1,0,3,6,3,3,1,0,1,1,1,0,4,0,2,2,2,3,3,2,1,2,1,2,3,1,2,3,5,4,1,1,4,3,4,2,1,0,3,1,0,1,2,2,2,0,5,5,4,1,2,3,1,1,3,2,4,3,2,0,0,2,1,0,1,2,0,0,1,1,1,4,2,1,2,3,2,4,2,3,3,3,0,2,0,1,2,2,3,3,1,2,4,0,1,3,4,1,1,1,0,0,1,3,3,1,2,2,4,3,1,2,1,2,2,6,6,5,3,2,3,1,2,3,0,0,0,4,2,2,2,3,0,1,4,3,1,2,3,2,3,0,3,3,3,4,0,2,3,1,2,0,2,2,1,2,0,1,1,5,2
cycle95,2,0,2,1,0,3,6,3,3,1,0,1,1,1,0,4,0,3,2,2,3,3,2,1,2,1,2,3,1,2,3,5,4,1,1,4,3,4,2,1,0,3,1,0,1,2,2,2,0,5,5,4,1,2,3,1,1,3,2,4,3,2,0,0,2,1,0,1,2,0,0,2,1,1,4,2,1,2,3,2,4,2,3,3,3,0,2,0,1,2,2,3,3,1,2,4,0,1,3,4,1,1,1,0,0,1,3,3,1,2,2,4,4,1,2,1,2,2,6,7,6,3,2,3,1,2,3,0,0,0,4,2,2,2,3,0,1,4,3,1,2,3,2,3,0,3,3,3,4,0,2,3,1,2,0,2,2,1,2,0,1,1,5,2
cycle100,2,0,2,1,0,3,6,3,3,1,0,1,1,1,0,5,0,3,2,2,3,4,2,1,2,1,2,3,1,2,3,5,4,1,1,4,4,4,2,1,1,3,1,0,1,2,2,2,0,5,6,4,1,2,3,1,1,3,4,4,4,2,0,0,2,2,0,1,2,0,1,2,1,1,4,2,1,2,3,2,4,3,3,3,3,0,2,0,1,2,2,3,3,1,2,4,0,1,3,5,1,1,1,0,0,1,3,3,1,2,3,4,4,1,2,2,2,2,6,7,7,3,2,3,1,2,3,0,0,0,5,2,2,2,3,0,2,4,3,1,2,3,2,3,0,3,3,3,4,0,2,3,1,2,0,2,2,1,2,0,1,1,6,2
cycle105,2,0,2,1,0,3,6,3,3,1,0,1,1,1,0,5,0,3,2,2,3,4,2,1,2,1,2,3,1,2,3,5,4,1,1,4,4,4,2,1,1,3,2,0,1,2,2,2,0,5,6,4,1,2,3,1,1,3,4,4,4,2,0,0,2,2,0,1,2,0,1,2,1,1,4,2,1,2,3,2,4,3,3,4,4,0,2,0,1,2,2,3,3,2,2,4,0,1,3,5,1,1,1,0,0,1,3,3,1,2,3,4,4,1,2,2,2,2,6,7,7,3,2,3,1,2,3,0,0,0,5,2,2,2,3,0,2,4,3,1,2,3,2,3,2,3,3,3,4,0,2,3,1,2,0,2,2,1,2,0,1,1,6,2
cycle110,2,0,2,1,0,3,6,3,3,1,0,1,1,1,1,5,0,4,2,2,3,4,2,1,3,1,2,3,1,2,3,5,4,1,1,4,4,4,2,1,1,3,2,0,1,2,2,2,0,6,6,4,1,2,3,1,1,3,4,4,4,2,0,0,2,2,0,2,3,0,1,2,1,1,4,2,1,2,4,2,4,4,3,4,4,0,2,0,1,2,2,3,3,2,2,5,0,2,3,6,1,2,1,0,0,1,3,3,1,3,3,5,4,2,2,2,2,2,6,7,7,3,3,3,1,2,3,0,1,0,5,2,2,2,3,0,2,4,4,1,2,3,2,3,2,3,3,3,4,1,2,3,1,2,0,2,2,1,2,0,1,1,6,2
cycle115,2,0,2,1,0,3,6,3,3,1,0,1,1,1,1,5,0,4,2,2,3,4,2,1,3,1,2,3,1,2,3,5,4,1,1,4,4,4,2,1,1,3,2,0,1,2,2,2,0,6,6,4,1,2,3,1,1,3,4,4,4,2,0,0,2,2,0,2,3,0,1,2,1,1,4,2,1,2,4,2,4,4,3,4,4,0,2,0,1,2,2,3,3,2,2,5,0,2,3,6,1,2,1,0,0,1,3,3,2,3,3,5,4,2,2,2,2,2,6,7,7,3,3,3,1,2,3,0,1,0,5,2,2,2,3,0,2,4,4,1,2,3,2,3,2,3,3,3,4,1,2,5,1,2,0,2,2,1,2,0,1,2,7,2
cycle120,2,0,2,1,0,3,6,3,3,1,0,1,1,1,2,5,0,4,3,3,3,4,2,1,3,1,2,3,1,2,3,5,4,1,1,4,4,4,2,2,1,3,3,0,1,2,2,2,0,6,6,4,2,2,3,1,1,3,4,4,4,2,0,0,2,2,0,2,4,0,1,2,1,1,4,2,1,2,4,2,4,4,3,5,4,0,2,0,1,2,3,3,3,2,2,5,0,2,3,7,2,2,1,0,0,1,3,3,2,3,3,5,4,2,2,2,2,2,6,7,7,3,3,3,1,2,3,0,1,0,5,2,2,2,3,0,2,4,4,1,2,3,2,3,2,4,3,3,4,1,2,5,1,2,0,2,3,1,2,0,2,3,7,2
cycle125,2,0,2,1,0,3,6,3,3,1,0,1,1,1,2,5,0,4,3,3,3,4,2,1,3,1,2,3,1,3,3,5,4,1,1,5,4,4,2,3,1,3,3,0,1,2,2,2,0,6,6,4,2,2,3,1,1,3,4,4,4,2,0,0,2,2,0,2,4,0,1,2,1,1,4,2,1,2,4,2,4,4,3,5,4,0,2,0,1,2,3,3,3,2,2,5,0,2,3,7,2,2,1,0,0,1,3,3,3,3,3,5,4,2,2,2,2,2,6,7,7,3,3,3,1,2,3,0,1,0,5,3,2,2,3,0,2,4,4,1,2,3,2,3,2,4,3,3,4,1,2,5,1,2,0,2,3,1,2,0,2,3,7,2
cycle130,2,0,2,1,0,3,6,3,4,1,0,1,1,1,2,5,0,4,3,4,4,4,3,1,3,1,2,3,1,3,4,5,4,1,1,5,5,4,2,3,2,3,4,0,1,2,2,2,0,6,6,4,2,2,3,1,1,3,4,4,5,2,0,0,2,2,0,2,4,0,1,2,1,1,4,2,1,2,5,3,4,4,3,5,4,0,2,0,1,3,3,3,3,2,2,5,0,2,3,7,2,2,1,0,0,1,3,3,3,3,4,5,4,3,2,2,2,2,6,7,7,3,4,3,1,2,4,0,1,1,5,3,3,2,3,0,2,5,4,2,2,3,2,3,2,4,3,3,5,1,2,5,1,2,0,2,3,1,2,1,2,4,7,2
cycle135,2,0,2,1,0,3,7,3,4,1,0,1,1,1,2,5,0,5,3,4,4,4,3,1,3,1,2,3,1,3,4,5,4,1,1,5,5,4,2,3,2,3,4,0,1,2,2,2,0,6,6,4,2,2,3,1,1,3,4,4,5,2,0,0,2,2,0,2,4,0,1,2,1,1,4,2,1,2,5,3,4,4,3,5,4,0,2,0,1,3,3,3,3,2,2,5,0,2,3,7,2,2,1,0,0,1,3,3,3,3,5,5,4,3,2,2,2,2,6,7,7,3,4,3,1,2,4,0,1,1,5,3,3,2,3,0,2,5,4,2,2,3,2,4,2,4,4,3,5,1,2,5,1,2,0,2,3,1,2,1,2,4,7,2
cycle140,2,0,2,1,0,3,7,3,4,1,0,1,1,1,2,5,0,5,3,4,4,4,3,1,3,2,2,3,1,3,4,6,4,1,1,5,5,4,3,3,2,3,4,0,1,2,2,2,0,7,6,4,2,3,4,1,1,4,4,4,5,2,0,1,3,2,0,2,4,0,1,2,1,1,4,2,1,2,5,3,4,4,3,5,4,0,2,0,1,3,3,4,3,3,3,5,1,3,5,7,2,2,1,0,0,1,3,3,3,3,5,5,4,3,2,2,2,2,6,7,7,3,4,3,1,2,4,0,1,1,5,3,3,2,3,0,2,6,5,4,2,3,2,4,2,4,4,3,6,1,2,5,1,2,0,2,3,1,2,1,2,5,8,2
cycle145,2,0,2,1,0,3,7,3,4,1,0,1,1,1,2,5,0,5,3,4,4,4,3,1,3,2,2,3,1,3,4,6,4,1,1,5,5,5,3,3,2,3,4,0,1,2,2,2,0,7,6,4,2,3,4,1,1,4,4,4,5,2,0,1,3,2,0,2,4,0,1,2,1,1,5,2,1,2,5,3,4,4,3,5,4,0,2,0,1,3,3,4,3,3,3,5,1,3,5,7,2,2,1,0,0,1,4,3,3,3,5,6,4,3,2,2,2,2,6,7,7,3,4,3,2,2,4,0,1,1,5,3,3,2,3,0,2,6,5,4,2,3,2,4,2,4,4,3,6,1,2,5,1,2,0,2,3,1,2,1,2,5,8,2
cycle150,2,0,2,1,0,4,7,3,4,1,0,1,1,1,2,5,0,5,3,4,4,4,3,1,3,2,2,3,1,3,4,6,4,1,2,5,6,5,3,3,2,4,4,0,1,2,2,2,0,7,6,4,2,3,4,1,1,4,4,6,5,2,1,1,3,2,0,2,4,0,1,2,2,1,6,2,1,2,5,3,4,4,3,5,4,0,2,0,1,3,3,4,3,3,3,5,1,3,5,8,2,2,1,0,0,1,4,4,3,3,5,7,4,3,2,2,2,3,6,7,7,4,4,3,3,2,4,0,1,1,5,3,4,2,3,0,2,6,5,4,2,3,2,4,2,4,4,3,6,1,2,5,1,2,0,2,3,1,2,1,2,5,8,2
cycle155,2,0,2,1,0,4,7,3,4,1,0,1,1,1,2,5,0,5,3,4,4,4,3,1,3,2,2,3,1,3,4,6,4,1,2,5,6,5,3,3,2,4,4,0,1,2,2,2,0,7,6,4,2,3,4,1,1,4,4,6,5,2,1,1,3,2,0,2,4,0,1,2,2,1,6,2,1,2,5,3,4,4,3,5,4,0,2,1,1,5,3,4,3,3,3,5,1,3,5,8,2,2,1,0,0,1,4,4,3,3,5,7,4,3,2,2,2,3,6,7,7,4,4,3,3,2,4,0,1,1,5,3,4,2,3,0,2,6,7,4,2,3,2,4,2,5,4,3,6,1,2,5,1,2,0,2,3,1,2,1,2,5,8,2
cycle160,2,0,2,1,1,4,7,3,4,1,0,1,1,1,2,5,0,5,3,4,4,4,3,1,3,2,2,3,1,3,4,6,4,1,2,5,6,5,3,3,2,4,4,0,1,2,2,2,0,7,6,5,3,3,4,2,1,4,4,6,5,2,1,1,3,2,0,2,4,0,1,2,3,1,6,2,1,2,5,3,4,4,3,5,4,0,2,1,1,5,4,4,3,3,4,6,1,3,5,8,3,3,1,0,1,1,4,4,3,3,5,7,4,3,2,2,3,3,6,7,7,4,4,4,3,2,4,0,2,1,5,4,4,2,3,1,4,7,7,4,2,3,2,4,2,5,4,3,6,1,2,5,2,2,0,2,3,1,2,1,2,5,8,2
cycle165,2,1,2,1,1,4,7,3,4,1,0,1,1,1,2,5,0,5,3,5,4,4,3,1,3,2,2,3,2,3,6,6,6,1,2,5,6,5,3,3,2,4,4,0,1,2,2,2,0,7,6,5,3,3,4,2,1,4,4,6,5,2,1,1,3,2,0,2,4,0,1,2,3,1,6,2,1,2,5,3,4,4,3,5,4,0,2,1,1,5,4,4,3,3,4,6,1,3,5,8,3,3,1,0,1,1,4,4,3,3,5,7,4,3,2,2,3,3,6,7,7,4,4,4,3,2,4,0,2,1,5,4,4,2,3,1,4,7,7,4,2,3,2,4,2,5,4,3,6,1,2,5,2,2,0,2,3,1,2,1,2,5,8,2
cycle170,2,1,2,1,1,4,7,3,4,1,0,1,1,1,2,5,0,5,3,5,4,5,3,1,3,2,2,4,2,3,6,7,6,2,2,5,6,5,3,3,2,4,5,1,1,2,2,2,0,7,6,5,3,3,4,2,1,4,4,6,5,2,1,1,3,2,0,2,4,1,1,2,3,1,7,2,1,2,5,3,4,4,3,5,4,0,2,1,1,5,4,4,3,3,4,6,1,3,5,8,3,3,1,0,1,1,4,4,3,3,6,7,4,3,2,3,3,3,6,7,7,4,4,5,3,2,4,0,2,1,6,4,4,2,3,1,4,7,7,4,2,3,2,4,2,5,4,3,6,1,2,5,2,2,1,2,4,1,2,1,3,5,8,3
cycle175,2,1,2,1,1,4,7,3,4,1,1,1,1,1,2,5,0,5,3,5,4,5,3,1,3,2,2,4,2,3,6,7,6,2,2,5,7,5,3,3,2,4,5,1,1,2,2,2,0,7,7,5,3,3,4,2,1,4,4,6,5,2,1,1,3,2,0,2,4,1,1,2,3,1,7,3,1,2,5,3,4,4,3,5,4,0,2,1,1,5,4,4,3,3,4,6,1,3,5,8,3,3,1,0,1,1,4,5,3,3,6,7,4,3,2,3,3,3,6,7,7,4,4,5,3,2,4,0,2,1,6,4,4,2,3,1,4,7,7,4,2,3,2,4,2,5,4,3,6,1,2,5,2,2,1,2,4,1,2,1,3,5,8,3
cycle180,2,1,2,1,1,4,7,3,4,1,2,2,1,2,2,5,0,5,3,5,6,5,4,1,3,2,2,4,2,3,7,8,6,2,2,5,7,5,3,3,2,4,5,1,1,2,2,2,0,7,7,5,3,3,4,3,1,4,4,6,6,2,1,1,3,2,0,2,4,1,1,2,3,1,7,3,1,4,5,3,5,4,4,6,4,0,2,1,2,5,4,5,3,3,4,6,1,3,5,8,3,4,1,0,1,1,4,5,3,3,6,7,4,3,2,3,3,3,6,7,8,4,4,5,3,2,4,1,3,1,6,5,5,2,3,1,4,7,7,4,2,3,2,4,2,5,4,3,6,1,2,5,2,2,1,3,4,1,2,1,4,5,8,3
cycle185,2,1,2,1,1,4,7,4,6,1,2,2,1,2,2,5,0,5,3,5,6,5,4,1,3,2,2,4,2,3,7,8,6,2,2,5,7,5,3,3,2,4,5,1,1,2,2,2,0,7,7,5,3,3,4,3,1,4,4,6,6,3,1,1,3,2,0,2,4,1,1,2,3,1,8,3,1,4,5,3,5,4,4,6,4,0,2,1,2,5,4,5,3,3,4,6,1,3,5,8,3,4,1,0,1,1,4,5,3,3,6,7,4,3,2,3,3,3,6,7,8,4,4,5,3,2,4,1,3,1,6,5,5,2,3,1,4,7,7,4,2,3,2,4,2,5,4,3,6,1,2,5,2,2,1,3,4,1,2,1,4,5,8,3
cycle190,2,1,2,1,1,4,7,4,6,1,2,2,1,2,2,5,0,5,3,5,6,5,4,1,3,2,2,4,2,3,7,8,6,2,2,5,8,6,3,3,2,5,5,1,2,3,2,2,0,8,7,5,6,3,4,3,1,4,4,6,7,3,1,1,3,3,0,2,4,1,1,2,4,1,8,3,2,4,5,3,5,4,4,6,4,0,2,1,2,5,4,5,3,3,4,6,1,3,5,8,3,4,1,0,1,1,4,5,3,3,6,7,4,3,2,3,3,4,6,7,8,4,4,5,4,3,4,1,3,2,6,5,5,2,3,1,4,7,7,4,2,3,2,4,2,5,4,3,6,1,2,6,2,2,1,3,4,1,2,2,4,5,8,3
cycle195,2,1,2,1,1,4,7,5,6,1,2,2,1,2,2,5,0,5,3,5,6,5,4,1,3,2,2,4,2,3,7,8,6,2,2,5,8,6,3,3,2,5,5,1,2,3,2,2,0,8,7,5,6,3,4,3,1,4,4,6,7,3,3,1,3,3,0,2,4,1,1,2,4,1,8,3,2,4,5,3,5,4,4,6,4,0,2,1,2,5,4,5,4,3,4,6,1,3,5,8,3,4,1,0,1,1,4,5,3,3,6,7,4,3,2,3,3,4,6,7,8,4,4,5,4,3,4,2,3,2,6,5,5,2,3,1,4,7,7,4,2,3,2,4,2,5,4,3,6,1,2,6,2,2,1,3,4,1,2,2,4,5,8,3
